260.0257568359375
265.8914489746094
515.5208740234375
438.36810302734375
273.0296630859375
288.12652587890625
257.4804992675781
288.007568359375
334.430419921875
251.02749633789062
507.2809143066406
265.75872802734375
291.9382629394531
270.18426513671875
323.5476989746094
262.2034912109375
271.3693542480469
272.6132507324219
312.5582580566406
250.54461669921875
313.0386047363281
256.4275207519531
295.1221618652344
258.03778076171875
323.0382995605469
296.4571228027344
331.3994140625
265.2389831542969
399.20599365234375
282.5431823730469
277.7404479980469
300.60406494140625
262.9284362792969
286.1700744628906
255.34957885742188
341.4269104003906
295.1961364746094
401.6799011230469
278.8673400878906
288.4801025390625
331.0137634277344
298.71942138671875
613.65283203125
255.76394653320312
252.8802490234375
350.7801208496094
265.964599609375
277.63525390625
314.49786376953125
295.022705078125
250.30210876464844
318.1041259765625
273.0518798828125
255.70233154296875
282.972412109375
309.1412048339844
251.41807556152344
349.00457763671875
288.29443359375
480.9310302734375
325.4975891113281
270.3668212890625
449.1915588378906
277.40570068359375
274.2019958496094
318.40655517578125
553.9758911132812
278.947265625
268.5300598144531
266.1817321777344
360.2104797363281
338.65740966796875
258.71685791015625
267.7909240722656
256.9573974609375
276.4648742675781
268.8157958984375
261.67425537109375
329.59063720703125
328.78753662109375
293.1302185058594
381.2734680175781
299.3534851074219
296.0247802734375
360.07647705078125
438.5460510253906
266.1429748535156
251.1243438720703
277.5928649902344
256.56060791015625
355.80731201171875
319.81719970703125
329.8464660644531
407.32672119140625
255.1617431640625
307.83929443359375
283.8996276855469
297.9621276855469
284.6255187988281
258.8860168457031
308.7199401855469
589.7429809570312
283.92694091796875
307.22503662109375
887.9284057617188
279.38385009765625
274.6880187988281
269.7469787597656
391.2479248046875
301.05010986328125
250.68743896484375
268.7680358886719
270.17626953125
286.23724365234375
290.9405822753906
277.0158386230469
347.3572998046875
269.824951171875
285.4617004394531
265.2439880371094
264.1447448730469
357.821533203125
260.413330078125
301.7585754394531
435.68841552734375
379.466552734375
287.4863586425781
284.4939270019531
253.53802490234375
277.4467468261719
289.7012023925781
256.3519592285156
303.3594055175781
261.5525817871094
264.40936279296875
315.5599060058594
271.2265930175781
345.98834228515625
282.2888488769531
280.4503479003906
296.313720703125
254.5637664794922
289.78631591796875
255.84942626953125
332.1352844238281
278.402587890625
262.63421630859375
252.95701599121094
286.37237548828125
303.4772033691406
340.6043701171875
281.54925537109375
656.2182006835938
275.83917236328125
250.28707885742188
424.81378173828125
332.94232177734375
295.540283203125
318.4247131347656
255.2484893798828
314.8896484375
258.54254150390625
415.778076171875
384.3163757324219
268.06146240234375
310.36907958984375
397.10137939453125
253.18453979492188
276.1969909667969
268.6877136230469
260.2866516113281
322.2340087890625
269.5132751464844
322.37005615234375
307.0529479980469
281.8636474609375
373.0164794921875
314.764404296875
290.351318359375
255.50743103027344
250.58352661132812
267.7433776855469
281.6688537597656
315.1449279785156
263.7957763671875
318.7811584472656
260.56488037109375
301.8179626464844
329.79449462890625
311.7909240722656
276.84234619140625
464.5645751953125
310.6396484375
272.24066162109375
294.99053955078125
318.6246337890625
272.03985595703125
256.3659973144531
264.4039611816406
345.937255859375
251.75570678710938
263.9953308105469
353.5805969238281
301.6537170410156
359.34222412109375
296.44891357421875
315.963134765625
265.3860168457031
257.2834777832031
255.45391845703125
309.69354248046875
283.1996154785156
255.5485382080078
322.19964599609375
368.8709411621094
328.4001159667969
265.66937255859375
296.5310363769531
383.41217041015625
265.41363525390625
257.7192077636719
270.5513916015625
331.9311218261719
273.0897521972656
322.19927978515625
256.52911376953125
252.3534698486328
260.4710998535156
278.30828857421875
438.8568115234375
296.67913818359375
328.4386901855469
274.1446838378906
268.0421447753906
289.6911315917969
328.47808837890625
283.04779052734375
273.2368469238281
327.8849792480469
258.14453125
339.8004455566406
314.5557556152344
273.747314453125
263.2641906738281
325.11175537109375
264.9042053222656
258.644287109375
281.9180603027344
314.4272766113281
281.0167236328125
386.6661376953125
317.7671813964844
302.75799560546875
318.89581298828125
252.10580444335938
287.08624267578125
284.3095703125
251.78456115722656
270.0038757324219
266.3252258300781
259.1031799316406
269.5411682128906
273.6128234863281
263.78912353515625
391.9558410644531
251.316650390625
267.0255126953125
354.916259765625
277.1000671386719
328.60028076171875
273.34344482421875
291.1369323730469
269.4876403808594
261.9785461425781
271.83746337890625
277.4913024902344
267.18426513671875
396.0787658691406
273.7596130371094
250.00347900390625
302.4493713378906
276.1087646484375
260.8522033691406
342.04949951171875
257.423828125
378.3515625
324.53485107421875
373.3547668457031
447.4158935546875
268.0646057128906
267.95355224609375
301.1665344238281
357.52752685546875
380.52337646484375
311.0876159667969
250.4891815185547
431.6971740722656
265.7270202636719
254.14674377441406
476.7592468261719
338.3057556152344
358.2778015136719
421.69927978515625
260.7034606933594
251.36326599121094
268.42083740234375
285.5338439941406
251.85508728027344
272.5908203125
292.2257995605469
277.59063720703125
283.4866638183594
252.0289306640625
264.8548889160156
253.11203002929688
255.36024475097656
464.9781188964844
269.8121032714844
323.5461730957031
254.7738800048828
263.5380554199219
253.85879516601562
295.274169921875
259.5519104003906
253.6234130859375
621.7158203125
501.8106689453125
306.7432556152344
261.12799072265625
311.4841003417969
268.6120300292969
264.820068359375
261.0240173339844
303.2392578125
392.42083740234375
264.51995849609375
252.6244659423828
272.2330017089844
274.6134338378906
375.1053161621094
258.48370361328125
254.7342987060547
251.83978271484375
269.34075927734375
282.25616455078125
290.5710754394531
274.87408447265625
296.7765197753906
333.469482421875
487.92974853515625
250.7195587158203
319.7873840332031
393.1709289550781
304.9817199707031
265.92132568359375
278.3943176269531
276.7981262207031
263.65509033203125
269.40399169921875
267.6526184082031
323.5675964355469
266.1588439941406
265.1753845214844
321.8349914550781
534.2046508789062
252.2823944091797
374.2467956542969
274.03033447265625
257.5256652832031
293.64508056640625
274.0728759765625
317.0281066894531
362.8146667480469
313.4076232910156
285.561767578125
273.2756652832031
266.378173828125
382.18096923828125
348.260009765625
285.96148681640625
332.9053955078125
317.6236572265625
291.3880310058594
267.7320861816406
318.52423095703125
268.9383850097656
276.267333984375
405.8408203125
272.1893615722656
259.6588134765625
349.1322326660156
266.6776428222656
383.41595458984375
277.1500244140625
338.4381408691406
266.06512451171875
342.0280456542969
341.33343505859375
363.0289611816406
256.7426452636719
312.719482421875
469.9067077636719
290.9651794433594
262.43914794921875
284.3585510253906
329.70751953125
385.4670715332031
326.5960693359375
254.48329162597656
254.85157775878906
297.2986755371094
288.27691650390625
278.9325256347656
462.5275573730469
296.7812805175781
268.57318115234375
402.3888244628906
266.0465087890625
279.05224609375
295.9089660644531
269.96966552734375
331.1717224121094
359.2548522949219
297.5040588378906
275.6620788574219
307.26104736328125
260.12701416015625
305.0531005859375
297.86370849609375
328.03204345703125
288.0345153808594
261.1718444824219
268.428466796875
336.2738037109375
448.4252014160156
253.28030395507812
251.57691955566406
289.0098876953125
420.793212890625
305.9998779296875
271.18389892578125
448.1410827636719
267.1606140136719
254.3211212158203
251.91676330566406
292.02679443359375
287.265380859375
280.39263916015625
356.4869689941406
277.700927734375
472.93634033203125
280.6806640625
334.2962646484375
251.30941772460938
263.5871276855469
309.0543212890625
250.93423461914062
324.07708740234375
250.79949951171875
257.7796630859375
398.18780517578125
327.6641540527344
395.0229187011719
316.6864929199219
525.5339965820312
357.490478515625
264.2159118652344
277.6108703613281
434.6028747558594
295.2911376953125
256.53338623046875
287.4615173339844
272.738525390625
259.6797180175781
267.8358154296875
385.2617492675781
344.3625183105469
291.68621826171875
347.1369934082031
311.530029296875
521.0564575195312
251.9385223388672
257.3577575683594
429.869384765625
268.3668518066406
446.43670654296875
263.4937744140625
294.1468505859375
309.8547058105469
300.9055480957031
257.8977355957031
252.07533264160156
269.5016174316406
364.7601623535156
484.3055725097656
450.4997253417969
265.66619873046875
312.19677734375
402.598876953125
257.3318786621094
251.39999389648438
267.5848083496094
257.57427978515625
289.09344482421875
273.2350769042969
294.8995361328125
260.7812805175781
271.0948791503906
291.7291259765625
277.63458251953125
318.919921875
297.0881042480469
309.6611328125
339.4707946777344
390.1227111816406
287.0361328125
305.1415100097656
270.18157958984375
291.3918151855469
